2
41
201
49
192
83
188
92
186
95
180
101
177
110
172
116
165
128
158
138
150
148
145
157
140
166
134
173
130
179
128
182
126
185
126
186
125
186
124
187
124
188
125
188
130
188
140
188
152
188
171
188
196
188
221
188
246
188
269
188
294
188
316
188
334
187
346
186
352
186
361
186
364
186
365
185
362
185
359
184
355
183
354
183
23
278
80
278
83
276
87
276
92
275
99
274
108
273
116
272
128
272
139
272
154
272
164
268
185
266
208
262
235
256
257
250
280
247
298
240
311
234
324
231
331
230
333
230
334
230
335
0
0
0
